TEAM,MATCH UP,GAME DATE,W/L,MIN,PTS,FGM,FGA,FG%,3PM,3PA,3P%,FTM,FTA,FT%,OREB,DREB,REB,AST,STL,BLK,TOV,PF,+/-
MEM,MEM @ DET,12/06/2023,W,240,116,47,91,51.6,11,26,42.3,11,14,78.6,9,37,46,26,10,8,14,9,14
DET,DET vs. MEM,12/06/2023,L,240,102,41,91,45.1,11,35,31.4,9,9,100,8,34,42,30,9,6,17,17,-14
CLE,CLE vs. ORL,12/06/2023,W,240,121,46,86,53.5,14,34,41.2,15,20,75.0,10,35,45,29,5,2,17,27,10
ORL,ORL @ CLE,12/06/2023,L,240,111,41,84,48.8,2,23,8.7,27,37,73.0,7,29,36,22,10,6,11,21,-10
TOR,TOR vs. MIA,12/06/2023,L,240,103,37,86,43.0,14,37,37.8,15,17,88.2,8,38,46,29,3,8,14,18,-9
MIA,MIA @ TOR,12/06/2023,W,240,112,41,89,46.1,14,38,36.8,16,19,84.2,8,36,44,33,5,4,7,18,9
BKN,BKN @ ATL,12/06/2023,W,240,114,43,94,45.7,11,27,40.7,17,24,70.8,12,33,45,24,7,6,12,19,1
ATL,ATL vs. BKN,12/06/2023,L,240,113,42,94,44.7,12,35,34.3,17,18,94.4,11,38,49,25,5,4,13,23,-1
SAS,SAS @ MIN,12/06/2023,L,240,94,38,101,37.6,8,36,22.2,10,15,66.7,13,36,49,23,7,4,12,17,-8
MIN,MIN vs. SAS,12/06/2023,W,240,102,36,87,41.4,12,40,30.0,18,21,85.7,11,44,55,20,4,10,14,16,8
OKC,OKC @ HOU,12/06/2023,L,240,101,37,87,42.5,8,29,27.6,19,24,79.2,4,26,30,22,14,10,9,21,-9
HOU,HOU vs. OKC,12/06/2023,W,240,110,40,83,48.2,15,33,45.5,15,22,68.2,10,43,53,28,6,5,21,16,9
UTA,UTA @ DAL,12/06/2023,L,240,97,35,87,40.2,12,33,36.4,15,18,83.3,11,32,43,22,6,3,19,20,-50
DAL,DAL vs. UTA,12/06/2023,W,240,147,56,101,55.4,22,49,44.9,13,19,68.4,11,36,47,37,11,5,8,14,50
CHA,CHA @ CHI,12/06/2023,L,240,100,39,90,43.3,10,37,27.0,12,12,100,12,30,42,25,9,9,17,24,-11
CHI,CHI vs. CHA,12/06/2023,W,240,111,38,90,42.2,12,25,48.0,23,29,79.3,21,36,57,23,6,6,16,16,11
WAS,WAS vs. PHI,12/06/2023,L,240,126,52,92,56.5,14,35,40.0,8,8,100,2,30,32,39,8,6,11,22,-5
PHI,PHI @ WAS,12/06/2023,W,240,131,47,92,51.1,8,27,29.6,29,34,85.3,11,32,43,29,7,2,11,14,5
LAC,LAC vs. DEN,12/06/2023,W,240,111,40,87,46.0,12,27,44.4,19,25,76.0,13,38,51,21,7,9,11,14,9
DEN,DEN @ LAC,12/06/2023,L,240,102,41,98,41.8,12,31,38.7,8,9,88.9,14,32,46,29,7,5,11,20,-9
GSW,GSW vs. POR,12/06/2023,W,240,110,36,86,41.9,10,34,29.4,28,33,84.8,15,35,50,20,4,3,17,19,4
POR,POR @ GSW,12/06/2023,L,240,106,39,95,41.1,16,46,34.8,12,16,75.0,11,29,40,22,8,3,10,30,-4
PHX,PHX @ LAL,12/05/2023,L,240,103,37,75,49.3,12,25,48.0,17,21,81.0,8,36,44,25,8,5,22,21,-3
MIL,MIL vs. NYK,12/05/2023,W,240,146,55,91,60.4,23,38,60.5,13,19,68.4,12,25,37,32,12,6,12,23,24
NYK,NYK @ MIL,12/05/2023,L,240,122,43,87,49.4,7,23,30.4,29,33,87.9,12,24,36,27,8,4,17,17,-24
LAL,LAL vs. PHX,12/05/2023,W,240,106,38,102,37.3,9,30,30.0,21,25,84.0,21,24,45,24,11,2,10,19,3
NOP,NOP @ SAC,12/04/2023,W,240,127,47,87,54.0,14,31,45.2,19,23,82.6,13,29,42,29,12,7,14,22,10
SAC,SAC vs. NOP,12/04/2023,L,240,117,38,85,44.7,14,41,34.1,27,33,81.8,11,27,38,29,8,2,14,18,-10
IND,IND vs. BOS,12/04/2023,W,240,122,43,94,45.7,19,40,47.5,17,21,81.0,7,34,41,28,8,4,6,15,10
BOS,BOS @ IND,12/04/2023,L,240,112,46,97,47.4,12,41,29.3,8,12,66.7,13,43,56,27,5,9,18,19,-10
CLE,CLE @ DET,12/02/2023,W,240,110,44,89,49.4,10,30,33.3,12,18,66.7,8,35,43,25,11,1,11,18,9
LAC,LAC vs. GSW,12/02/2023,W,240,113,44,90,48.9,13,39,33.3,12,14,85.7,5,35,40,31,5,6,11,21,1
GSW,GSW @ LAC,12/02/2023,L,240,112,38,86,44.2,17,43,39.5,19,24,79.2,6,36,42,31,5,4,15,15,-1
MIN,MIN @ CHA,12/02/2023,W,240,123,43,84,51.2,11,31,35.5,26,30,86.7,10,31,41,26,5,3,11,16,6
CHA,CHA vs. MIN,12/02/2023,L,240,117,44,91,48.4,12,25,48.0,17,19,89.5,10,26,36,29,6,4,8,22,-6
DET,DET vs. CLE,12/02/2023,L,240,101,39,83,47.0,8,30,26.7,15,23,65.2,10,39,49,24,9,3,16,20,-9
MIL,MIL vs. ATL,12/02/2023,W,240,132,53,89,59.6,14,33,42.4,12,15,80.0,8,36,44,33,5,6,16,19,11
ATL,ATL @ MIL,12/02/2023,L,240,121,45,101,44.6,15,38,39.5,16,21,76.2,15,25,40,23,11,4,11,14,-11
MIA,MIA vs. IND,12/02/2023,L,240,129,48,89,53.9,12,25,48.0,21,24,87.5,6,22,28,27,3,1,12,22,-15
IND,IND @ MIA,12/02/2023,W,240,144,56,85,65.9,16,32,50.0,16,20,80.0,3,29,32,35,4,8,10,24,15
DAL,DAL vs. OKC,12/02/2023,L,240,120,39,87,44.8,19,52,36.5,23,35,65.7,15,32,47,26,5,12,16,21,-6
OKC,OKC @ DAL,12/02/2023,W,240,126,44,100,44.0,20,44,45.5,18,22,81.8,16,34,50,24,8,5,13,24,6
PHX,PHX vs. MEM,12/02/2023,W,240,116,36,83,43.4,9,26,34.6,35,43,81.4,12,32,44,24,10,5,17,21,7
MEM,MEM @ PHX,12/02/2023,L,240,109,39,86,45.3,9,31,29.0,22,24,91.7,8,32,40,14,9,8,17,31,-7
UTA,UTA vs. POR,12/02/2023,W,265,118,46,94,48.9,7,34,20.6,19,24,79.2,16,40,56,27,5,11,18,21,5
POR,POR @ UTA,12/02/2023,L,265,113,38,95,40.0,13,40,32.5,24,27,88.9,11,29,40,17,11,5,11,20,-5
DEN,DEN @ SAC,12/02/2023,L,240,117,49,99,49.5,6,25,24.0,13,20,65.0,8,38,46,35,9,7,11,14,-6
SAC,SAC vs. DEN,12/02/2023,W,240,123,48,99,48.5,16,34,47.1,11,15,73.3,9,38,47,33,7,5,11,14,6
NOP,CHI @ NOP,12/02/2023,L,240,118,41,82,50.0,8,25,32.0,28,35,80.0,13,26,39,20,10,1,12,17,-6
CHI,CHI vs. NOP,12/02/2023,W,240,124,48,88,54.5,17,40,42.5,11,15,73.3,12,29,41,32,6,8,13,21,6
LAL,LAL vs. HOU,12/02/2023,W,240,107,40,89,44.9,8,27,29.6,19,27,70.4,9,39,48,24,11,7,12,17,10
HOU,HOU @ LAL,12/02/2023,L,240,97,36,89,40.4,11,31,35.5,14,18,77.8,11,43,54,24,5,7,17,23,-10
BKN,BKN vs. ORL,12/02/2023,W,240,129,46,91,50.5,14,34,41.2,23,31,74.2,14,43,57,31,4,8,11,21,28
ORL,ORL @ BKN,12/02/2023,L,240,101,35,88,39.8,9,29,31.0,22,27,81.5,8,29,37,24,3,5,11,27,-28
PHI,PHI @ BOS,12/01/2023,L,240,119,43,94,45.7,16,35,45.7,17,23,73.9,15,27,42,16,16,5,16,24,-6
DEN,DEN @ PHX,12/01/2023,W,240,119,50,88,56.8,12,32,37.5,7,12,58.3,4,28,32,38,8,4,9,21,8
PHX,PHX vs. DEN,12/01/2023,L,240,111,39,84,46.4,9,27,33.3,24,26,92.3,8,35,43,22,4,9,12,17,-8
NOP,NOP vs. SAS,12/01/2023,W,240,121,42,85,49.4,10,31,32.3,27,29,93.1,10,32,42,26,8,6,12,15,15
SAS,SAS @ NOP,12/01/2023,L,240,106,38,83,45.8,16,39,41.0,14,17,82.4,8,31,39,28,5,5,20,21,-15
MEM,MEM @ DAL,12/01/2023,W,240,108,44,90,48.9,11,34,32.4,9,11,81.8,13,39,52,27,8,12,15,23,14
DAL,DAL vs. MEM,12/01/2023,L,240,94,34,92,37.0,12,39,30.8,14,21,66.7,13,29,42,27,9,5,12,13,-14
ORL,ORL vs. WAS,12/01/2023,W,240,130,46,89,51.7,12,31,38.7,26,33,78.8,10,34,44,35,6,8,15,23,5
WAS,WAS @ ORL,12/01/2023,L,240,125,45,89,50.6,13,28,46.4,22,31,71.0,8,32,40,25,8,5,14,29,-5
TOR,TOR vs. NYK,12/01/2023,L,240,106,44,100,44.0,6,32,18.8,12,17,70.6,19,29,48,32,7,6,12,19,-13
NYK,NYK @ TOR,12/01/2023,W,240,119,45,90,50.0,16,36,44.4,13,16,81.3,11,32,43,30,6,3,13,15,13
BOS,BOS vs. PHI,12/01/2023,W,240,125,39,77,50.6,16,33,48.5,31,36,86.1,10,36,46,25,10,8,20,18,6
ATL,ATL @ SAS,11/30/2023,W,240,137,49,96,51.0,14,33,42.4,25,29,86.2,8,29,37,24,14,2,10,25,2
SAS,SAS vs. ATL,11/30/2023,L,240,135,48,89,53.9,18,41,43.9,21,23,91.3,11,36,47,34,4,7,21,22,-2
UTA,UTA @ MIN,11/30/2023,L,240,90,33,87,37.9,11,34,32.4,13,14,92.9,13,38,51,22,6,4,21,19,-11
LAL,LAL @ OKC,11/30/2023,L,240,110,36,81,44.4,11,33,33.3,27,32,84.4,7,34,41,24,6,2,14,20,-23
OKC,OKC vs. LAL,11/30/2023,W,240,133,50,94,53.2,14,42,33.3,19,22,86.4,8,40,48,29,9,6,9,24,23
LAC,LAC @ GSW,11/30/2023,L,240,114,42,95,44.2,12,32,37.5,18,24,75.0,15,28,43,26,5,1,6,21,-6
GSW,GSW vs. LAC,11/30/2023,W,240,120,41,82,50.0,15,39,38.5,23,31,74.2,10,37,47,30,3,4,9,18,6
MIL,MIL @ CHI,11/30/2023,L,265,113,44,98,44.9,16,48,33.3,9,13,69.2,9,34,43,28,12,6,21,21,-7
CHI,CHI vs. MIL,11/30/2023,W,265,120,45,98,45.9,13,37,35.1,17,22,77.3,14,37,51,32,14,4,21,18,7
NYK,NYK vs. DET,11/30/2023,W,240,118,41,88,46.6,16,41,39.0,20,28,71.4,12,29,41,25,8,3,11,17,6
DET,DET @ NYK,11/30/2023,L,240,112,43,81,53.1,15,35,42.9,11,17,64.7,8,34,42,22,4,3,20,25,-6
POR,POR @ CLE,11/30/2023,W,240,103,39,77,50.6,14,35,40.0,11,11,100,9,31,40,29,10,4,23,17,8
CLE,CLE vs. POR,11/30/2023,L,240,95,38,89,42.7,7,32,21.9,12,12,100,14,21,35,25,12,2,19,15,-8
CHA,CHA @ BKN,11/30/2023,W,240,129,46,91,50.5,21,36,58.3,16,16,100,13,28,41,30,6,7,9,16,1
BKN,BKN vs. CHA,11/30/2023,L,240,128,52,105,49.5,14,36,38.9,10,15,66.7,22,30,52,21,6,4,9,11,-1
MIA,MIA vs. IND,11/30/2023,W,240,142,48,86,55.8,8,21,38.1,38,45,84.4,10,38,48,25,4,1,14,28,10
IND,IND @ MIA,11/30/2023,L,240,132,50,98,51.0,11,43,25.6,21,32,65.6,10,24,34,30,11,5,10,31,-10
MIN,MIN vs. UTA,11/30/2023,W,240,101,39,89,43.8,13,35,37.1,10,13,76.9,10,32,42,29,13,7,12,16,11
ORL,ORL vs. WAS,11/29/2023,W,240,139,51,84,60.7,17,27,63.0,20,24,83.3,9,35,44,34,5,6,19,22,19
WAS,WAS @ ORL,11/29/2023,L,240,120,41,87,47.1,11,29,37.9,27,35,77.1,7,22,29,28,14,3,10,20,-19
PHX,PHX @ TOR,11/29/2023,L,240,105,38,94,40.4,7,26,26.9,22,23,95.7,12,35,47,25,3,5,10,15,-7
TOR,TOR vs. PHX,11/29/2023,W,240,112,42,93,45.2,10,27,37.0,18,21,85.7,15,34,49,25,7,5,10,22,7
PHI,PHI @ NOP,11/29/2023,L,240,114,42,81,51.9,14,34,41.2,16,18,88.9,8,22,30,28,8,7,21,26,-10
NOP,NOP vs. PHI,11/29/2023,W,240,124,42,78,53.8,10,30,33.3,30,34,88.2,13,27,40,33,11,4,21,22,10
HOU,HOU @ DEN,11/29/2023,L,240,124,47,86,54.7,16,41,39.0,14,19,73.7,8,27,35,27,3,5,9,20,-10
DEN,DEN vs. HOU,11/29/2023,W,240,134,48,95,50.5,19,43,44.2,19,26,73.1,13,28,41,37,4,2,4,18,10
DET,DET vs. LAL,11/29/2023,L,240,107,40,97,41.2,15,36,41.7,12,14,85.7,10,29,39,28,8,3,14,31,-26
LAL,LAL @ DET,11/29/2023,W,240,133,45,88,51.1,12,34,35.3,31,38,81.6,8,41,49,28,7,10,12,12,26
UTA,UTA @ MEM,11/29/2023,L,240,91,34,90,37.8,16,39,41.0,7,12,58.3,12,27,39,26,8,8,18,14,-14
MEM,MEM vs. UTA,11/29/2023,W,240,105,43,87,49.4,13,39,33.3,6,8,75.0,12,39,51,26,9,10,17,15,14
SAC,SAC vs. LAC,11/29/2023,L,240,117,40,86,46.5,13,41,31.7,24,28,85.7,13,34,47,22,1,1,14,20,-14
LAC,LAC @ SAC,11/29/2023,W,240,131,50,93,53.8,14,28,50.0,17,22,77.3,8,29,37,28,8,5,7,20,14
NYK,NYK vs. CHA,11/28/2023,W,240,115,41,88,46.6,15,38,39.5,18,20,90.0,15,39,54,21,10,7,16,12,24
BOS,BOS vs. CHI,11/28/2023,W,240,124,47,90,52.2,21,49,42.9,9,12,75.0,11,41,52,36,6,9,16,18,27
CHI,CHI @ BOS,11/28/2023,L,240,97,39,90,43.3,9,28,32.1,10,18,55.6,9,28,37,25,11,7,8,13,-27
CHA,CHA @ NYK,11/28/2023,L,240,91,37,89,41.6,13,31,41.9,4,7,57.1,13,28,41,21,8,2,17,14,-24
TOR,TOR @ BKN,11/28/2023,L,240,103,39,101,38.6,13,36,36.1,12,19,63.2,15,31,46,27,11,3,7,21,-12
BKN,BKN vs. TOR,11/28/2023,W,240,115,40,89,44.9,13,38,34.2,22,26,84.6,13,46,59,26,7,8,15,17,12
CLE,CLE vs. ATL,11/28/2023,W,240,128,50,93,53.8,13,36,36.1,15,17,88.2,12,43,55,27,8,12,17,20,23
ATL,ATL @ CLE,11/28/2023,L,240,105,35,101,34.7,13,44,29.5,22,24,91.7,14,30,44,21,9,3,11,16,-23
MIL,MIL @ MIA,11/28/2023,W,240,131,47,88,53.4,13,35,37.1,24,27,88.9,8,37,45,26,3,4,9,21,7
MIA,MIA vs. MIL,11/28/2023,L,240,124,48,94,51.1,14,30,46.7,14,21,66.7,8,27,35,32,3,5,6,22,-7
MIN,MIN vs. OKC,11/28/2023,W,240,106,33,78,42.3,14,33,42.4,26,32,81.3,10,41,51,18,3,9,20,17,3
DAL,DAL vs. HOU,11/28/2023,W,240,121,42,89,47.2,12,34,35.3,25,29,86.2,9,29,38,25,5,4,7,25,6
HOU,HOU @ DAL,11/28/2023,L,240,115,42,85,49.4,8,29,27.6,23,29,79.3,10,30,40,33,2,6,12,27,-6
SAC,SAC vs. GSW,11/28/2023,W,240,124,41,91,45.1,15,44,34.1,27,42,64.3,12,34,46,25,8,7,10,23,1
GSW,GSW @ SAC,11/28/2023,L,240,123,40,83,48.2,17,41,41.5,26,30,86.7,9,43,52,25,6,6,20,31,-1
OKC,OKC @ MIN,11/28/2023,L,240,103,37,90,41.1,11,30,36.7,18,23,78.3,9,27,36,22,8,4,10,23,-3
DET,DET vs. WAS,11/27/2023,L,240,107,43,102,42.2,8,38,21.1,13,19,68.4,18,31,49,29,7,11,17,22,-19
WAS,WAS @ DET,11/27/2023,W,240,126,45,89,50.6,10,29,34.5,26,28,92.9,6,40,46,29,8,6,16,19,19
POR,POR @ IND,11/27/2023,W,240,114,40,85,47.1,9,18,50.0,25,31,80.6,9,29,38,20,6,4,16,21,4
IND,IND vs. POR,11/27/2023,L,240,110,42,88,47.7,8,33,24.2,18,24,75.0,10,32,42,26,10,6,20,24,-4
LAC,LAC vs. DEN,11/27/2023,L,240,104,35,85,41.2,6,20,30.0,28,34,82.4,16,33,49,18,6,9,13,23,-9
DEN,DEN @ LAC,11/27/2023,W,240,113,44,92,47.8,10,22,45.5,15,28,53.6,18,34,52,28,8,6,11,22,9
LAL,LAL @ PHI,11/27/2023,L,240,94,39,83,47.0,7,28,25.0,9,13,69.2,6,26,32,23,3,4,17,18,-44
PHI,PHI vs. LAL,11/27/2023,W,240,138,47,93,50.5,22,46,47.8,22,26,84.6,15,33,48,33,11,2,7,17,44
UTA,UTA vs. NOP,11/27/2023,W,240,114,37,88,42.0,17,48,35.4,23,28,82.1,9,34,43,31,6,4,10,23,2
NOP,NOP @ UTA,11/27/2023,L,240,112,44,88,50.0,7,22,31.8,17,25,68.0,11,37,48,27,5,1,8,25,-2
POR,POR @ MIL,11/26/2023,L,240,102,37,91,40.7,13,32,40.6,15,20,75.0,11,29,40,21,15,4,20,26,-6
MIL,MIL vs. POR,11/26/2023,W,240,108,35,89,39.3,14,42,33.3,24,32,75.0,18,34,52,19,13,11,17,20,6
CHI,CHI @ BKN,11/26/2023,L,240,109,40,83,48.2,12,32,37.5,17,22,77.3,10,30,40,21,3,2,11,18,-9
BKN,BKN vs. CHI,11/26/2023,W,240,118,41,83,49.4,25,53,47.2,11,15,73.3,8,31,39,29,7,2,11,19,9
TOR,TOR @ CLE,11/26/2023,L,240,102,37,89,41.6,8,32,25.0,20,29,69.0,17,33,50,17,9,3,12,11,-3
CLE,CLE vs. TOR,11/26/2023,W,240,105,45,97,46.4,10,31,32.3,5,6,83.3,12,37,49,29,2,5,14,18,3
MEM,MEM vs. MIN,11/26/2023,L,240,97,34,88,38.6,10,37,27.0,19,27,70.4,11,24,35,24,4,4,14,18,-22
MIN,MIN @ MEM,11/26/2023,W,240,119,43,81,53.1,15,34,44.1,18,23,78.3,6,36,42,30,5,5,16,26,22
ATL,ATL @ BOS,11/26/2023,L,240,103,36,88,40.9,19,53,35.8,12,19,63.2,11,32,43,15,5,4,16,17,-10
BOS,BOS vs. ATL,11/26/2023,W,240,113,42,95,44.2,13,47,27.7,16,20,80.0,18,40,58,24,9,3,13,19,10
NYK,NYK vs. PHX,11/26/2023,L,240,113,39,86,45.3,12,29,41.4,23,32,71.9,13,25,38,18,7,5,7,19,-3
PHX,PHX @ NYK,11/26/2023,W,240,116,42,91,46.2,16,38,42.1,16,21,76.2,18,29,47,27,4,11,13,25,3
DEN,DEN vs. SAS,11/26/2023,W,240,132,50,89,56.2,12,28,42.9,20,25,80.0,11,34,45,38,8,3,20,25,12
SAS,SAS @ DEN,11/26/2023,L,240,120,42,93,45.2,14,37,37.8,22,26,84.6,10,25,35,34,10,6,15,22,-12
ORL,ORL vs. CHA,11/26/2023,W,240,130,47,87,54.0,10,27,37.0,26,33,78.8,7,37,44,33,10,3,15,26,13
CHA,CHA @ ORL,11/26/2023,L,240,117,44,83,53.0,13,30,43.3,16,25,64.0,5,31,36,27,6,7,18,26,-13
NOP,NOP @ UTA,11/25/2023,L,240,100,39,93,41.9,11,36,30.6,11,18,61.1,13,29,42,31,15,4,13,17,-5
LAL,LAL @ CLE,11/25/2023,W,240,121,47,90,52.2,9,27,33.3,18,21,85.7,9,35,44,34,9,8,18,15,6
CLE,CLE vs. LAL,11/25/2023,L,240,115,43,91,47.3,9,28,32.1,20,23,87.0,7,30,37,30,13,4,14,16,-6
OKC,OKC vs. PHI,11/25/2023,L,240,123,43,98,43.9,16,43,37.2,21,26,80.8,13,25,38,29,3,3,4,27,-4
PHI,PHI @ OKC,11/25/2023,W,240,127,38,83,45.8,14,41,34.1,37,45,82.2,17,32,49,30,2,9,13,26,4
BKN,BKN vs. MIA,11/25/2023,W,240,112,39,78,50.0,14,36,38.9,20,23,87.0,8,34,42,27,11,9,13,18,15
MIA,MIA @ BKN,11/25/2023,L,240,97,38,87,43.7,11,34,32.4,10,13,76.9,13,31,44,24,6,3,18,18,-15
LAC,LAC vs. DAL,11/25/2023,W,240,107,38,88,43.2,8,29,27.6,23,31,74.2,17,40,57,25,2,6,13,16,19
DAL,DAL @ LAC,11/25/2023,L,240,88,34,91,37.4,9,38,23.7,11,14,78.6,10,27,37,17,6,5,9,24,-19
ATL,ATL @ WAS,11/25/2023,W,240,136,52,102,51.0,18,37,48.6,14,20,70.0,17,32,49,29,13,2,10,15,28
WAS,WAS vs. ATL,11/25/2023,L,240,108,43,88,48.9,10,38,26.3,12,12,100,8,33,41,33,5,6,20,17,-28
UTA,UTA vs. NOP,11/25/2023,W,240,105,38,87,43.7,15,43,34.9,14,17,82.4,14,38,52,23,8,6,24,13,5
SAC,SAC @ MIN,11/24/2023,W,240,124,49,100,49.0,17,35,48.6,9,11,81.8,14,32,46,25,7,4,13,19,13
MIN,MIN vs. SAC,11/24/2023,L,240,111,36,82,43.9,12,33,36.4,27,29,93.1,10,34,44,25,6,9,18,18,-13
TOR,TOR vs. CHI,11/24/2023,W,240,121,44,83,53.0,13,39,33.3,20,27,74.1,13,27,40,32,8,6,14,14,13
CHI,CHI @ TOR,11/24/2023,L,240,108,42,82,51.2,12,27,44.4,12,19,63.2,9,28,37,20,5,2,13,20,-13
ORL,ORL vs. BOS,11/24/2023,W,240,113,43,85,50.6,11,28,39.3,16,22,72.7,13,35,48,23,5,3,18,28,17
BOS,BOS @ ORL,11/24/2023,L,240,96,31,76,40.8,7,29,24.1,27,37,73.0,4,27,31,17,10,4,15,18,-17
MIA,MIA @ NYK,11/24/2023,L,240,98,34,87,39.1,10,37,27.0,20,21,95.2,10,31,41,20,11,0,11,19,-2
NYK,NYK vs. MIA,11/24/2023,W,240,100,39,81,48.1,10,29,34.5,12,18,66.7,6,40,46,21,7,2,19,14,2
MIL,MIL vs. WAS,11/24/2023,W,240,131,48,92,52.2,9,31,29.0,26,33,78.8,10,40,50,28,6,6,9,22,3
WAS,WAS @ MIL,11/24/2023,L,240,128,48,100,48.0,15,37,40.5,17,21,81.0,12,34,46,29,3,4,9,24,-3
HOU,HOU vs. DEN,11/24/2023,W,240,105,40,82,48.8,12,29,41.4,13,15,86.7,6,43,49,25,9,9,14,21,19
DEN,DEN @ HOU,11/24/2023,L,240,86,32,94,34.0,7,30,23.3,15,21,71.4,16,30,46,17,8,4,15,14,-19
DET,DET @ IND,11/24/2023,L,240,113,43,90,47.8,7,18,38.9,20,24,83.3,14,29,43,22,6,11,14,18,-23
IND,IND vs. DET,11/24/2023,W,240,136,49,102,48.0,16,38,42.1,22,24,91.7,15,25,40,24,7,8,9,21,23
GSW,GSW vs. SAS,11/24/2023,W,240,118,40,81,49.4,19,42,45.2,19,24,79.2,7,34,41,35,7,2,24,21,6
SAS,SAS @ GSW,11/24/2023,L,240,112,45,100,45.0,12,47,25.5,10,12,83.3,15,31,46,28,10,3,20,18,-6
MEM,MEM vs. PHX,11/24/2023,L,240,89,37,80,46.3,9,33,27.3,6,10,60.0,6,29,35,22,6,2,15,22,-21
PHX,PHX @ MEM,11/24/2023,W,240,110,39,76,51.3,11,31,35.5,21,28,75.0,7,34,41,22,10,6,13,12,21
NOP,NOP @ LAC,11/24/2023,W,240,116,43,88,48.9,10,24,41.7,20,27,74.1,12,38,50,26,6,5,15,19,10
LAC,LAC vs. NOP,11/24/2023,L,240,106,42,92,45.7,11,37,29.7,11,17,64.7,8,31,39,27,11,8,11,24,-10
DEN,DEN @ ORL,11/22/2023,L,240,119,44,93,47.3,15,35,42.9,16,21,76.2,17,25,42,29,6,2,12,25,-5
CHA,CHA vs. WAS,11/22/2023,W,240,117,43,91,47.3,16,37,43.2,15,21,71.4,11,38,49,27,6,4,13,15,3
ORL,ORL vs. DEN,11/22/2023,W,240,124,44,81,54.3,10,29,34.5,26,30,86.7,11,30,41,27,9,7,12,21,5
WAS,WAS @ CHA,11/22/2023,L,240,114,44,97,45.4,11,32,34.4,15,18,83.3,11,36,47,26,7,3,10,18,-3
BOS,BOS vs. MIL,11/22/2023,W,240,119,44,84,52.4,17,42,40.5,14,17,82.4,4,39,43,27,3,5,15,15,3
MIL,MIL @ BOS,11/22/2023,L,240,116,45,101,44.6,13,34,38.2,13,17,76.5,13,34,47,23,9,2,9,19,-3
TOR,TOR @ IND,11/22/2023,W,240,132,48,90,53.3,11,27,40.7,25,30,83.3,13,33,46,26,7,3,19,15,1
IND,IND vs. TOR,11/22/2023,L,240,131,50,91,54.9,18,39,46.2,13,16,81.3,5,26,31,33,10,6,15,24,-1
ATL,ATL vs. BKN,11/22/2023,W,265,147,51,116,44.0,18,49,36.7,27,29,93.1,22,36,58,24,10,8,14,18,2
CHI,CHI @ OKC,11/22/2023,L,240,102,34,88,38.6,17,44,38.6,17,17,100,11,27,38,22,7,2,12,26,-14
OKC,OKC vs. CHI,11/22/2023,W,240,116,37,75,49.3,11,29,37.9,31,38,81.6,11,34,45,24,4,12,14,17,14
LAC,LAC @ SAS,11/22/2023,W,240,109,39,85,45.9,9,28,32.1,22,29,75.9,11,39,50,29,10,3,16,23,7
SAS,SAS vs. LAC,11/22/2023,L,240,102,35,91,38.5,11,38,28.9,21,23,91.3,10,34,44,26,8,6,14,24,-7
HOU,HOU vs. MEM,11/22/2023,W,240,111,40,92,43.5,14,43,32.6,17,20,85.0,6,43,49,22,6,6,7,22,20
MEM,MEM @ HOU,11/22/2023,L,240,91,27,82,32.9,7,32,21.9,30,35,85.7,9,37,46,17,3,7,9,19,-20
SAC,SAC @ NOP,11/22/2023,L,240,112,34,76,44.7,15,44,34.1,29,35,82.9,4,34,38,22,3,1,16,25,-5
NOP,NOP vs. SAC,11/22/2023,W,240,117,41,87,47.1,7,30,23.3,28,37,75.7,13,35,48,23,10,2,10,28,5
POR,POR vs. UTA,11/22/2023,W,240,121,47,92,51.1,17,39,43.6,10,15,66.7,14,23,37,31,9,6,14,21,16
UTA,UTA @ POR,11/22/2023,L,240,105,37,79,46.8,10,31,32.3,21,26,80.8,14,30,44,25,7,3,24,13,-16
PHI,PHI @ MIN,11/22/2023,L,240,99,34,87,39.1,7,32,21.9,24,30,80.0,16,32,48,21,9,12,15,23,-13
MIN,MIN vs. PHI,11/22/2023,W,240,112,43,89,48.3,10,26,38.5,16,24,66.7,10,38,48,28,10,8,13,21,13
MIA,MIA @ CLE,11/22/2023,W,240,129,46,88,52.3,20,35,57.1,17,21,81.0,10,31,41,30,11,7,12,19,33
CLE,CLE vs. MIA,11/22/2023,L,240,96,36,77,46.8,14,30,46.7,10,14,71.4,7,27,34,25,5,6,19,17,-33
LAL,LAL vs. DAL,11/22/2023,L,240,101,39,84,46.4,11,29,37.9,12,19,63.2,9,42,51,26,1,2,13,17,-3
DAL,DAL @ LAL,11/22/2023,W,240,104,38,96,39.6,16,50,32.0,12,16,75.0,11,37,48,21,5,4,4,18,3
BKN,BKN @ ATL,11/22/2023,L,265,145,55,113,48.7,15,35,42.9,20,24,83.3,22,37,59,28,8,6,16,24,-2
PHX,PHX vs. GSW,11/22/2023,W,240,123,34,76,44.7,11,28,39.3,44,52,84.6,11,32,43,22,9,8,15,22,8
GSW,GSW @ PHX,11/22/2023,L,240,115,43,90,47.8,10,32,31.3,19,29,65.5,11,32,43,29,10,3,16,34,-8
TOR,TOR @ ORL,11/21/2023,L,240,107,38,75,50.7,14,28,50.0,17,22,77.3,5,33,38,29,6,6,24,20,-19
ORL,ORL vs. TOR,11/21/2023,W,240,126,50,100,50.0,12,31,38.7,14,20,70.0,15,25,40,31,12,8,13,19,19
IND,IND @ ATL,11/21/2023,W,240,157,57,94,60.6,22,45,48.9,21,28,75.0,7,22,29,35,7,11,14,25,5
ATL,ATL vs. IND,11/21/2023,L,240,152,57,95,60.0,15,31,48.4,23,28,82.1,12,27,39,28,8,4,15,23,-5
PHI,PHI vs. CLE,11/21/2023,L,265,119,40,96,41.7,11,35,31.4,28,34,82.4,14,30,44,19,12,8,14,25,-3
CLE,CLE @ PHI,11/21/2023,W,265,122,46,94,48.9,9,25,36.0,21,25,84.0,14,42,56,33,9,4,16,21,3
PHX,PHX vs. POR,11/21/2023,W,240,120,43,76,56.6,7,17,41.2,27,28,96.4,11,27,38,26,8,8,15,18,13
POR,POR @ PHX,11/21/2023,L,240,107,38,87,43.7,14,31,45.2,17,20,85.0,12,18,30,20,8,3,13,20,-13
LAL,LAL vs. UTA,11/21/2023,W,240,131,49,86,57.0,11,29,37.9,22,27,81.5,9,43,52,35,6,5,15,15,32
UTA,UTA @ LAL,11/21/2023,L,240,99,38,98,38.8,11,44,25.0,12,16,75.0,13,29,42,25,6,3,14,22,-32
HOU,HOU @ GSW,11/20/2023,L,240,116,44,95,46.3,13,41,31.7,15,19,78.9,15,33,48,28,6,3,8,24,-5
GSW,GSW vs. HOU,11/20/2023,W,240,121,36,77,46.8,21,43,48.8,28,33,84.8,8,35,43,26,3,1,8,21,5
BOS,BOS @ CHA,11/20/2023,L,265,118,42,97,43.3,16,50,32.0,18,28,64.3,11,37,48,19,6,8,15,15,-3
CHA,CHA vs. BOS,11/20/2023,W,265,121,46,104,44.2,13,39,33.3,16,17,94.1,17,40,57,29,9,7,13,18,3
SAS,SAS vs. LAC,11/20/2023,L,240,99,39,90,43.3,10,38,26.3,11,14,78.6,13,36,49,23,4,7,16,17,-25
LAC,LAC @ SAS,11/20/2023,W,240,124,45,95,47.4,12,36,33.3,22,25,88.0,10,41,51,30,15,3,7,10,25
WAS,WAS vs. MIL,11/20/2023,L,240,129,55,99,55.6,10,29,34.5,9,11,81.8,5,21,26,29,6,4,4,19,-13
MIL,MIL @ WAS,11/20/2023,W,240,142,55,94,58.5,11,29,37.9,21,28,75.0,16,39,55,33,3,6,15,13,13
DEN,DEN @ DET,11/20/2023,W,240,107,40,87,46.0,11,28,39.3,16,21,76.2,11,32,43,30,7,8,14,17,4
DET,DET vs. DEN,11/20/2023,L,240,103,36,81,44.4,7,21,33.3,24,26,92.3,11,32,43,21,7,5,18,24,-4
CHI,CHI vs. MIA,11/20/2023,L,240,100,37,81,45.7,11,37,29.7,15,16,93.8,7,29,36,21,2,7,11,16,-18
MIA,MIA @ CHI,11/20/2023,W,240,118,42,84,50.0,17,35,48.6,17,20,85.0,9,34,43,31,7,1,10,19,18
NYK,NYK @ MIN,11/20/2023,L,240,100,32,92,34.8,9,38,23.7,27,34,79.4,17,33,50,16,8,3,10,23,-17
MIN,MIN vs. NYK,11/20/2023,W,240,117,41,80,51.3,11,34,32.4,24,32,75.0,7,37,44,30,7,7,14,26,17
NOP,NOP vs. SAC,11/20/2023,W,240,129,50,92,54.3,12,28,42.9,17,21,81.0,10,45,55,38,8,6,12,19,36
SAC,SAC @ NOP,11/20/2023,L,240,93,33,87,37.9,11,45,24.4,16,24,66.7,9,27,36,27,4,5,13,21,-36
BKN,BKN vs. PHI,11/19/2023,L,240,99,38,81,46.9,11,28,39.3,12,16,75.0,9,36,45,24,2,8,15,14,-22
PHI,PHI @ BKN,11/19/2023,W,240,121,44,94,46.8,16,35,45.7,17,18,94.4,10,34,44,32,8,4,5,18,22
IND,IND vs. ORL,11/19/2023,L,240,116,42,95,44.2,8,31,25.8,24,31,77.4,11,29,40,24,10,7,16,32,-12
ORL,ORL @ IND,11/19/2023,W,240,128,43,87,49.4,7,20,35.0,35,42,83.3,8,34,42,21,10,10,15,23,12
DEN,DEN @ CLE,11/19/2023,L,240,109,39,82,47.6,14,29,48.3,17,23,73.9,9,24,33,23,7,5,13,21,-12
CLE,CLE vs. DEN,11/19/2023,W,240,121,45,82,54.9,11,27,40.7,20,26,76.9,11,36,47,30,6,5,14,18,12
SAC,SAC @ DAL,11/19/2023,W,240,129,48,90,53.3,17,40,42.5,16,21,76.2,14,34,48,34,9,3,13,20,16
DAL,DAL vs. SAC,11/19/2023,L,240,113,41,88,46.6,12,34,35.3,19,26,73.1,11,29,40,23,8,2,10,15,-16
BOS,BOS @ MEM,11/19/2023,W,240,102,35,77,45.5,12,31,38.7,20,25,80.0,9,36,45,20,6,10,17,19,2
MEM,MEM vs. BOS,11/19/2023,L,240,100,37,95,38.9,17,44,38.6,9,10,90.0,14,28,42,28,7,5,11,21,-2
OKC,OKC @ POR,11/19/2023,W,240,134,49,81,60.5,22,36,61.1,14,14,100,10,33,43,28,8,3,18,18,43
POR,POR vs. OKC,11/19/2023,L,240,91,34,85,40.0,9,34,26.5,14,21,66.7,13,18,31,21,10,2,19,15,-43
PHX,PHX @ UTA,11/19/2023,W,290,140,50,102,49.0,18,45,40.0,22,26,84.6,11,33,44,36,11,13,18,28,3
UTA,UTA vs. PHX,11/19/2023,L,290,137,48,115,41.7,15,46,32.6,26,32,81.3,27,32,59,27,11,5,19,27,-3
LAL,LAL vs. HOU,11/19/2023,W,240,105,39,83,47.0,6,29,20.7,21,29,72.4,10,32,42,26,13,1,18,13,1
HOU,HOU @ LAL,11/19/2023,L,240,104,41,84,48.8,14,37,37.8,8,10,80.0,6,28,34,35,7,3,18,25,-1
DET,DET @ TOR,11/19/2023,L,240,113,39,83,47.0,9,26,34.6,26,35,74.3,7,34,41,25,3,3,17,23,-29
TOR,TOR vs. DET,11/19/2023,W,240,142,55,102,53.9,14,36,38.9,18,29,62.1,12,35,47,44,10,5,8,23,29
CHA,CHA vs. NYK,11/18/2023,L,240,108,40,82,48.8,17,35,48.6,11,13,84.6,4,32,36,29,5,5,13,22,-14
NYK,NYK @ CHA,11/18/2023,W,240,122,46,91,50.5,16,37,43.2,14,19,73.7,13,34,47,27,7,4,12,13,14
MIN,MIN @ NOP,11/18/2023,W,240,121,43,80,53.8,13,31,41.9,22,27,81.5,5,28,33,29,6,7,14,21,1
NOP,NOP vs. MIN,11/18/2023,L,240,120,44,86,51.2,12,29,41.4,20,23,87.0,13,27,40,27,9,5,17,26,-1
MIA,MIA @ CHI,11/18/2023,L,240,97,33,77,42.9,12,36,33.3,19,23,82.6,5,29,34,23,9,0,15,18,-5
CHI,CHI vs. MIA,11/18/2023,W,240,102,36,81,44.4,16,45,35.6,14,19,73.7,10,34,44,24,9,6,13,22,5
DAL,DAL @ MIL,11/18/2023,L,240,125,51,103,49.5,16,47,34.0,7,10,70.0,11,38,49,27,1,2,12,16,-7
MIL,MIL vs. DAL,11/18/2023,W,240,132,49,94,52.1,17,45,37.8,17,20,85.0,5,36,41,29,8,3,7,16,7
SAS,SAS vs. MEM,11/18/2023,L,240,108,36,83,43.4,15,40,37.5,21,26,80.8,12,28,40,26,5,9,15,28,-12
MEM,MEM @ SAS,11/18/2023,W,240,120,40,86,46.5,11,33,33.3,29,36,80.6,12,33,45,23,7,3,14,25,12
OKC,OKC @ GSW,11/18/2023,W,265,130,52,100,52.0,8,23,34.8,18,20,90.0,9,38,47,26,8,7,12,16,7
GSW,GSW vs. OKC,11/18/2023,L,265,123,44,97,45.4,18,46,39.1,17,21,81.0,14,35,49,33,6,4,16,18,-7
CHA,CHA vs. MIL,11/17/2023,L,240,99,37,91,40.7,6,26,23.1,19,22,86.4,9,34,43,18,5,2,12,14,-31
MIL,MIL @ CHA,11/17/2023,W,240,130,49,89,55.1,22,45,48.9,10,13,76.9,4,45,49,32,4,7,13,21,31
WAS,WAS vs. NYK,11/17/2023,L,240,99,37,82,45.1,10,32,31.3,15,16,93.8,7,25,32,25,4,4,14,18,-21
TOR,TOR vs. BOS,11/17/2023,L,240,105,42,87,48.3,12,33,36.4,9,14,64.3,5,36,41,29,4,1,13,11,-3
BOS,BOS @ TOR,11/17/2023,W,240,108,42,92,45.7,16,46,34.8,8,9,88.9,8,36,44,29,5,4,11,13,3
ATL,ATL vs. PHI,11/17/2023,L,240,116,40,89,44.9,12,33,36.4,24,30,80.0,14,25,39,24,8,4,13,20,-10
PHI,PHI @ ATL,11/17/2023,W,240,126,43,88,48.9,13,30,43.3,27,28,96.4,13,30,43,32,9,4,17,20,10
DET,DET @ CLE,11/17/2023,L,240,100,39,91,42.9,9,35,25.7,13,15,86.7,18,33,51,20,8,6,17,19,-8
CLE,CLE vs. DET,11/17/2023,W,240,108,42,82,51.2,9,21,42.9,15,21,71.4,7,32,39,21,9,6,12,9,8
SAS,SAS vs. SAC,11/17/2023,L,240,120,43,92,46.7,15,36,41.7,19,23,82.6,6,36,42,33,7,3,15,21,-9
SAC,SAC @ SAS,11/17/2023,W,240,129,46,85,54.1,18,42,42.9,19,24,79.2,4,38,42,31,10,2,14,22,9
CHI,CHI vs. ORL,11/17/2023,L,240,97,35,79,44.3,10,29,34.5,17,22,77.3,5,29,34,19,10,3,16,21,-6
ORL,ORL @ CHI,11/17/2023,W,240,103,38,79,48.1,11,34,32.4,16,23,69.6,10,36,46,24,7,7,19,22,6
DEN,DEN @ NOP,11/17/2023,L,240,110,47,96,49.0,10,40,25.0,6,12,50.0,11,40,51,37,4,3,13,20,-5
NOP,NOP vs. DEN,11/17/2023,W,240,115,46,88,52.3,12,23,52.2,11,21,52.4,4,35,39,33,8,5,11,13,5
POR,POR vs. LAL,11/17/2023,L,240,95,36,89,40.4,10,37,27.0,13,18,72.2,19,29,48,17,11,2,19,17,-12
LAL,LAL @ POR,11/17/2023,W,240,107,40,81,49.4,12,29,41.4,15,22,68.2,11,33,44,27,11,6,18,16,12
UTA,UTA vs. PHX,11/17/2023,L,240,128,43,85,50.6,16,36,44.4,26,31,83.9,10,29,39,27,3,10,8,23,-3
PHX,PHX @ UTA,11/17/2023,W,240,131,45,86,52.3,18,33,54.5,23,26,88.5,5,31,36,35,5,4,9,22,3
HOU,HOU @ LAC,11/17/2023,L,240,100,38,88,43.2,10,31,32.3,14,20,70.0,12,35,47,24,6,5,17,28,-6
LAC,LAC vs. HOU,11/17/2023,W,240,106,36,83,43.4,13,34,38.2,21,30,70.0,8,39,47,22,10,7,14,19,6
NYK,NYK @ WAS,11/17/2023,W,240,120,45,91,49.5,16,38,42.1,14,20,70.0,14,34,48,26,5,6,11,21,21
OKC,OKC @ GSW,11/16/2023,W,240,128,44,87,50.6,19,32,59.4,21,23,91.3,7,35,42,31,10,3,13,20,19
GSW,GSW vs. OKC,11/16/2023,L,240,109,40,98,40.8,14,41,34.1,15,19,78.9,20,29,49,27,5,4,16,19,-19
MIA,MIA vs. BKN,11/16/2023,W,240,122,42,81,51.9,15,35,42.9,23,24,95.8,7,25,32,26,8,3,9,20,7
BKN,BKN @ MIA,11/16/2023,L,240,115,40,85,47.1,14,36,38.9,21,27,77.8,10,30,40,29,5,3,15,20,-7
ORL,ORL @ CHI,11/15/2023,W,240,96,32,82,39.0,8,28,28.6,24,30,80.0,12,34,46,20,12,3,15,21,2
CHI,CHI vs. ORL,11/15/2023,L,240,94,33,83,39.8,9,33,27.3,19,22,86.4,14,39,53,16,7,4,19,25,-2
SAC,SAC @ LAL,11/15/2023,W,240,125,48,96,50.0,16,44,36.4,13,17,76.5,11,34,45,31,20,1,16,20,15
LAL,LAL vs. SAC,11/15/2023,L,240,110,42,83,50.6,11,29,37.9,15,19,78.9,7,36,43,25,12,6,23,17,-15
POR,POR vs. CLE,11/15/2023,L,240,95,34,91,37.4,13,38,34.2,14,16,87.5,8,22,30,24,9,3,14,21,-14
CLE,CLE @ POR,11/15/2023,W,240,109,42,75,56.0,9,30,30.0,16,21,76.2,7,40,47,23,5,9,18,16,14
PHX,PHX vs. MIN,11/15/2023,W,240,133,51,85,60.0,17,31,54.8,14,15,93.3,5,27,32,31,1,4,9,21,18
MIN,MIN @ PHX,11/15/2023,L,240,115,42,92,45.7,5,27,18.5,26,28,92.9,16,24,40,18,8,5,6,14,-18
TOR,TOR vs. MIL,11/15/2023,L,240,112,38,96,39.6,9,33,27.3,27,31,87.1,26,29,55,28,10,8,14,19,-16
MIL,MIL @ TOR,11/15/2023,W,240,128,44,85,51.8,20,39,51.3,20,21,95.2,9,32,41,25,8,9,13,25,16
NYK,NYK @ ATL,11/15/2023,W,240,116,45,94,47.9,16,34,47.1,10,11,90.9,14,28,42,29,9,2,17,20,2
ATL,ATL vs. NYK,11/15/2023,L,240,114,41,75,54.7,12,31,38.7,20,26,76.9,6,24,30,28,11,6,15,20,-2
PHI,PHI vs. BOS,11/15/2023,L,240,107,39,85,45.9,11,30,36.7,18,22,81.8,10,31,41,18,5,1,9,14,-10
BOS,BOS @ PHI,11/15/2023,W,240,117,42,88,47.7,18,50,36.0,15,19,78.9,12,33,45,23,7,8,10,15,10
WAS,WAS vs. DAL,11/15/2023,L,240,117,43,89,48.3,12,36,33.3,19,23,82.6,8,38,46,23,6,1,12,22,-13
DAL,DAL @ WAS,11/15/2023,W,240,130,48,92,52.2,17,42,40.5,17,29,58.6,9,37,46,32,6,4,10,16,13
ATL,ATL @ DET,11/14/2023,W,240,126,45,87,51.7,12,33,36.4,24,26,92.3,10,31,41,28,9,7,14,19,6
MIA,MIA @ CHA,11/14/2023,W,240,111,40,83,48.2,8,31,25.8,23,28,82.1,10,32,42,26,12,5,8,19,6
CHA,CHA vs. MIA,11/14/2023,L,240,105,36,81,44.4,15,32,46.9,18,22,81.8,13,32,45,21,6,0,18,21,-6
PHI,PHI vs. IND,11/14/2023,L,240,126,43,86,50.0,6,22,27.3,34,35,97.1,5,33,38,22,5,3,16,26,-6
IND,IND @ PHI,11/14/2023,W,240,132,48,93,51.6,13,37,35.1,23,33,69.7,10,31,41,32,7,5,11,28,6
BKN,BKN vs. ORL,11/14/2023,W,240,124,46,85,54.1,19,39,48.7,13,20,65.0,13,31,44,22,13,3,16,24,20
ORL,ORL @ BKN,11/14/2023,L,240,104,36,82,43.9,16,46,34.8,16,21,76.2,9,28,37,23,9,4,16,16,-20
OKC,OKC vs. SAS,11/14/2023,W,240,123,46,89,51.7,15,39,38.5,16,20,80.0,4,36,40,34,19,6,16,17,36
SAS,SAS @ OKC,11/14/2023,L,240,87,36,93,38.7,9,30,30.0,6,9,66.7,13,30,43,24,7,6,25,13,-36
DAL,DAL @ NOP,11/14/2023,L,240,110,38,90,42.2,14,42,33.3,20,26,76.9,16,29,45,25,4,3,20,16,-21
NOP,NOP vs. DAL,11/14/2023,W,240,131,49,94,52.1,14,38,36.8,19,26,73.1,12,30,42,33,17,6,13,20,21
POR,POR @ UTA,11/14/2023,L,240,99,37,88,42.0,11,35,31.4,14,20,70.0,13,30,43,23,5,6,17,15,-16
UTA,UTA vs. POR,11/14/2023,W,240,115,44,95,46.3,13,43,30.2,14,15,93.3,16,36,52,26,11,6,13,18,16
LAC,LAC @ DEN,11/14/2023,L,240,108,37,86,43.0,13,29,44.8,21,24,87.5,14,28,42,21,10,1,11,24,-3
DEN,DEN vs. LAC,11/14/2023,W,240,111,39,73,53.4,8,23,34.8,25,32,78.1,6,30,36,26,4,2,14,19,3
MIN,MIN @ GSW,11/14/2023,W,240,104,36,81,44.4,14,34,41.2,18,21,85.7,9,33,42,24,9,5,20,19,3
GSW,GSW vs. MIN,11/14/2023,L,240,101,37,88,42.0,13,39,33.3,14,16,87.5,13,33,46,28,11,2,20,22,-3
LAL,LAL vs. MEM,11/14/2023,W,240,134,47,81,58.0,22,35,62.9,18,24,75.0,10,44,54,30,4,10,19,13,27
MEM,MEM @ LAL,11/14/2023,L,240,107,39,106,36.8,20,53,37.7,9,12,75.0,13,20,33,28,8,9,9,15,-27
DET,DET vs. ATL,11/14/2023,L,240,120,47,90,52.2,10,29,34.5,16,23,69.6,14,28,42,36,9,6,17,20,-6
CLE,CLE @ SAC,11/13/2023,L,240,120,45,91,49.5,16,35,45.7,14,17,82.4,14,25,39,24,3,1,11,18,-12
SAC,SAC vs. CLE,11/13/2023,W,240,132,49,83,59.0,20,42,47.6,14,22,63.6,8,29,37,32,3,4,10,19,12
TOR,TOR vs. WAS,11/13/2023,W,240,111,45,90,50.0,4,20,20.0,17,25,68.0,16,32,48,28,11,4,19,13,4
WAS,WAS @ TOR,11/13/2023,L,240,107,43,84,51.2,12,26,46.2,9,12,75.0,8,30,38,32,11,5,22,22,-4
MIL,MIL vs. CHI,11/13/2023,W,240,118,42,89,47.2,15,47,31.9,19,27,70.4,13,40,53,23,3,5,17,23,9
CHI,CHI @ MIL,11/13/2023,L,240,109,38,100,38.0,14,42,33.3,19,21,90.5,18,29,47,24,9,7,8,25,-9
NYK,NYK @ BOS,11/13/2023,L,240,98,33,79,41.8,15,35,42.9,17,24,70.8,12,25,37,17,5,2,12,16,-16
BOS,BOS vs. NYK,11/13/2023,W,240,114,40,79,50.6,19,43,44.2,15,16,93.8,8,29,37,27,3,3,11,22,16
OKC,OKC @ PHX,11/12/2023,W,240,111,40,82,48.8,10,27,37.0,21,25,84.0,6,27,33,23,9,8,9,21,12
NYK,NYK vs. CHA,11/12/2023,W,240,129,47,87,54.0,15,36,41.7,20,30,66.7,10,30,40,25,8,4,9,18,22
CHA,CHA @ NYK,11/12/2023,L,240,107,44,94,46.8,12,35,34.3,7,11,63.6,15,21,36,21,5,4,12,25,-22
BKN,BKN vs. WAS,11/12/2023,W,240,102,37,98,37.8,12,49,24.5,16,20,80.0,20,46,66,22,6,6,19,18,8
WAS,WAS @ BKN,11/12/2023,L,240,94,33,88,37.5,10,41,24.4,18,25,72.0,7,35,42,20,14,3,12,15,-8
LAC,LAC vs. MEM,11/12/2023,L,240,101,37,85,43.5,12,34,35.3,15,23,65.2,8,33,41,26,9,3,16,23,-4
MEM,MEM @ LAC,11/12/2023,W,240,105,37,88,42.0,13,41,31.7,18,24,75.0,11,30,41,25,7,6,16,23,4
LAL,LAL vs. POR,11/12/2023,W,240,116,41,84,48.8,4,19,21.1,30,37,81.1,7,34,41,27,8,4,9,11,6
POR,POR @ LAL,11/12/2023,L,240,110,45,90,50.0,13,37,35.1,7,9,77.8,5,33,38,29,2,8,16,25,-6
GSW,GSW vs. MIN,11/12/2023,L,240,110,37,96,38.5,12,43,27.9,24,28,85.7,19,32,51,24,9,0,14,28,-6
MIN,MIN @ GSW,11/12/2023,W,240,116,43,82,52.4,9,27,33.3,21,30,70.0,9,38,47,27,8,6,14,19,6
PHI,PHI vs. IND,11/12/2023,W,240,137,53,105,50.5,14,33,42.4,17,20,85.0,23,31,54,28,5,7,12,15,11
PHX,PHX vs. OKC,11/12/2023,L,240,99,32,83,38.6,9,29,31.0,26,31,83.9,16,35,51,20,4,7,17,19,-12
CHI,CHI vs. DET,11/12/2023,W,240,119,44,91,48.4,11,30,36.7,20,25,80.0,11,29,40,22,12,6,7,21,11
DET,DET @ CHI,11/12/2023,L,240,108,38,88,43.2,11,32,34.4,21,26,80.8,16,33,49,26,4,6,16,19,-11
MIA,MIA @ SAS,11/12/2023,W,240,118,39,89,43.8,12,31,38.7,28,30,93.3,11,30,41,26,7,3,7,12,5
SAS,SAS vs. MIA,11/12/2023,L,240,113,42,91,46.2,19,44,43.2,10,12,83.3,11,39,50,35,3,6,17,21,-5
DAL,DAL @ NOP,11/12/2023,W,240,136,50,102,49.0,20,53,37.7,16,21,76.2,8,34,42,29,7,6,6,19,12
NOP,NOP vs. DAL,11/12/2023,L,240,124,47,92,51.1,17,36,47.2,13,22,59.1,13,41,54,31,2,3,18,20,-12
DEN,DEN @ HOU,11/12/2023,L,240,104,42,91,46.2,9,32,28.1,11,14,78.6,12,37,49,24,3,5,11,20,-3
HOU,HOU vs. DEN,11/12/2023,W,240,107,37,87,42.5,10,32,31.3,23,29,79.3,12,33,45,20,7,4,9,16,3
IND,IND @ PHI,11/12/2023,L,240,126,47,90,52.2,16,39,41.0,16,19,84.2,8,24,32,31,8,9,10,14,-11
BOS,BOS vs. TOR,11/11/2023,W,240,117,47,86,54.7,15,44,34.1,8,13,61.5,5,41,46,30,1,4,13,14,23
MIL,MIL @ ORL,11/11/2023,L,240,97,38,77,49.4,9,29,31.0,12,25,48.0,5,31,36,25,9,6,19,24,-15
ORL,ORL vs. MIL,11/11/2023,W,240,112,36,84,42.9,10,26,38.5,30,35,85.7,15,28,43,24,9,2,16,17,15
GSW,GSW vs. CLE,11/11/2023,L,240,110,37,90,41.1,13,38,34.2,23,30,76.7,15,40,55,26,5,3,20,29,-8
ATL,ATL vs. MIA,11/11/2023,L,240,109,38,87,43.7,18,46,39.1,15,18,83.3,15,33,48,23,6,6,22,19,-8
MIA,MIA @ ATL,11/11/2023,W,240,117,41,84,48.8,12,38,31.6,23,25,92.0,7,32,39,23,10,4,15,14,8
TOR,TOR @ BOS,11/11/2023,L,240,94,35,91,38.5,10,37,27.0,14,16,87.5,7,30,37,25,8,1,9,14,-23
CLE,CLE @ GSW,11/11/2023,W,240,118,37,86,43.0,11,30,36.7,33,43,76.7,11,34,45,23,13,3,11,24,8
SAC,SAC vs. OKC,11/10/2023,W,240,105,38,91,41.8,13,47,27.7,16,21,76.2,16,36,52,28,10,9,18,22,7
PHI,PHI @ DET,11/10/2023,W,240,114,35,83,42.2,9,28,32.1,35,41,85.4,11,35,46,23,13,5,9,23,8
DET,DET vs. PHI,11/10/2023,L,240,106,40,86,46.5,8,28,28.6,18,22,81.8,11,37,48,28,3,5,17,26,-8
BOS,BOS vs. BKN,11/10/2023,W,240,121,41,94,43.6,19,52,36.5,20,28,71.4,17,35,52,29,5,3,8,13,14
BKN,BKN @ BOS,11/10/2023,L,240,107,38,85,44.7,15,37,40.5,16,18,88.9,9,37,46,26,0,3,12,25,-14
UTA,UTA @ MEM,11/10/2023,W,240,127,41,76,53.9,18,37,48.6,27,29,93.1,8,30,38,28,10,12,21,17,6
MEM,MEM vs. UTA,11/10/2023,L,240,121,46,101,45.5,19,48,39.6,10,13,76.9,14,23,37,23,5,5,11,23,-6
WAS,WAS vs. CHA,11/10/2023,L,240,117,43,88,48.9,14,38,36.8,17,20,85.0,7,29,36,28,4,6,15,23,-7
CHA,CHA @ WAS,11/10/2023,W,240,124,50,110,45.5,6,28,21.4,18,28,64.3,28,39,67,31,10,4,10,19,7
SAS,SAS vs. MIN,11/10/2023,L,240,110,43,92,46.7,12,34,35.3,12,19,63.2,7,31,38,29,9,8,14,21,-7
MIN,MIN @ SAS,11/10/2023,W,240,117,43,87,49.4,10,27,37.0,21,27,77.8,13,38,51,23,6,4,18,19,7
DAL,DAL vs. LAC,11/10/2023,W,240,144,51,98,52.0,19,42,45.2,23,26,88.5,15,26,41,30,7,1,9,23,18
LAC,LAC @ DAL,11/10/2023,L,240,126,43,88,48.9,8,27,29.6,32,36,88.9,19,28,47,21,7,2,14,27,-18
LAL,LAL @ PHX,11/10/2023,W,240,122,42,84,50.0,12,27,44.4,26,34,76.5,9,34,43,27,9,7,11,20,3
PHX,PHX vs. LAL,11/10/2023,L,240,119,42,94,44.7,15,37,40.5,20,27,74.1,17,35,52,22,9,1,13,24,-3
HOU,HOU vs. NOP,11/10/2023,W,240,104,36,88,40.9,10,35,28.6,22,28,78.6,9,33,42,20,9,5,9,22,3
NOP,NOP @ HOU,11/10/2023,L,240,101,34,75,45.3,8,25,32.0,25,34,73.5,8,41,49,12,6,6,18,26,-3
OKC,OKC @ SAC,11/10/2023,L,240,98,39,87,44.8,7,30,23.3,13,16,81.3,5,33,38,22,9,5,16,15,-7
MIL,MIL @ IND,11/09/2023,L,240,124,46,87,52.9,9,27,33.3,23,26,88.5,5,36,41,23,6,5,14,19,-2
IND,IND vs. MIL,11/09/2023,W,240,126,44,92,47.8,20,48,41.7,18,20,90.0,9,31,40,27,6,6,13,25,2
ATL,ATL @ ORL,11/09/2023,W,240,120,41,85,48.2,15,39,38.5,23,30,76.7,8,28,36,22,13,7,18,25,1
ORL,ORL vs. ATL,11/09/2023,L,240,119,42,90,46.7,10,27,37.0,25,35,71.4,18,29,47,19,12,6,19,24,-1
CHA,CHA vs. WAS,11/08/2023,L,240,116,41,79,51.9,8,25,32.0,26,35,74.3,11,36,47,17,8,5,22,22,-16
WAS,WAS @ CHA,11/08/2023,W,240,132,47,97,48.5,18,43,41.9,20,25,80.0,13,27,40,26,10,6,11,26,16
UTA,UTA @ IND,11/08/2023,L,240,118,45,96,46.9,11,27,40.7,17,18,94.4,16,31,47,26,3,5,22,17,-16
IND,IND vs. UTA,11/08/2023,W,240,134,52,101,51.5,13,41,31.7,17,20,85.0,14,32,46,26,14,7,12,15,16
CLE,CLE @ OKC,11/08/2023,L,240,120,42,83,50.6,9,29,31.0,27,37,73.0,11,30,41,26,9,5,20,24,-8
OKC,OKC vs. CLE,11/08/2023,W,240,128,44,86,51.2,12,28,42.9,28,30,93.3,12,29,41,23,10,8,14,27,8
MIA,MIA @ MEM,11/08/2023,W,240,108,35,77,45.5,11,28,39.3,27,32,84.4,9,35,44,22,9,8,19,24,6
MEM,MEM vs. MIA,11/08/2023,L,240,102,35,90,38.9,11,37,29.7,21,28,75.0,13,25,38,20,10,4,14,27,-6
MIN,MIN vs. NOP,11/08/2023,W,240,122,45,82,54.9,15,37,40.5,17,24,70.8,8,40,48,30,9,7,18,23,21
NOP,NOP @ MIN,11/08/2023,L,240,101,36,93,38.7,8,28,28.6,21,22,95.5,11,29,40,23,6,1,17,23,-21
BKN,BKN vs. LAC,11/08/2023,W,240,100,37,92,40.2,15,41,36.6,11,13,84.6,14,35,49,22,10,10,14,14,7
LAC,LAC @ BKN,11/08/2023,L,240,93,36,91,39.6,8,36,22.2,13,13,100,11,40,51,22,10,8,16,15,-7
DAL,DAL vs. TOR,11/08/2023,L,240,116,40,84,47.6,17,41,41.5,19,31,61.3,6,32,38,25,4,6,16,21,-11
TOR,TOR @ DAL,11/08/2023,W,240,127,49,99,49.5,11,36,30.6,18,27,66.7,15,35,50,27,10,4,12,25,11
DEN,DEN vs. GSW,11/08/2023,W,240,108,41,92,44.6,11,35,31.4,15,22,68.2,10,35,45,24,7,4,6,20,3
GSW,GSW @ DEN,11/08/2023,L,240,105,37,86,43.0,11,35,31.4,20,26,76.9,11,38,49,21,5,0,9,20,-3
LAL,LAL @ HOU,11/08/2023,L,240,94,36,84,42.9,7,25,28.0,15,24,62.5,5,29,34,20,7,6,9,18,-34
HOU,HOU vs. LAL,11/08/2023,W,240,128,51,93,54.8,14,33,42.4,12,19,63.2,14,43,57,26,4,3,13,23,34
MIL,MIL vs. DET,11/08/2023,W,240,120,41,90,45.6,11,37,29.7,27,32,84.4,5,31,36,19,8,7,10,18,2
DET,DET @ MIL,11/08/2023,L,240,118,48,98,49.0,7,29,24.1,15,16,93.8,11,42,53,28,2,5,19,24,-2
SAS,SAS @ NYK,11/08/2023,L,240,105,44,90,48.9,9,34,26.5,8,13,61.5,11,35,46,31,2,7,13,22,-21
NYK,NYK vs. SAS,11/08/2023,W,240,126,46,100,46.0,19,42,45.2,15,22,68.2,13,34,47,28,7,0,4,14,21
POR,POR @ SAC,11/08/2023,L,265,118,44,87,50.6,8,22,36.4,22,29,75.9,7,29,36,26,10,5,18,29,-3
SAC,SAC vs. POR,11/08/2023,W,265,121,41,89,46.1,11,37,29.7,28,38,73.7,15,35,50,32,11,6,21,24,3
BOS,BOS @ PHI,11/08/2023,L,240,103,36,91,39.6,15,47,31.9,16,19,84.2,9,34,43,28,8,6,13,13,-3
PHI,PHI vs. BOS,11/08/2023,W,240,106,42,95,44.2,9,34,26.5,13,15,86.7,12,44,56,20,7,7,14,16,3
CHI,CHI vs. PHX,11/08/2023,L,265,115,42,96,43.8,14,33,42.4,17,23,73.9,9,30,39,30,12,7,14,22,-1
PHX,PHX @ CHI,11/08/2023,W,265,116,38,90,42.2,19,48,39.6,21,25,84.0,13,41,54,32,7,10,22,20,1
DET,DET vs. GSW,11/06/2023,L,240,109,38,80,47.5,13,30,43.3,20,21,95.2,7,32,39,23,8,2,16,20,-11
GSW,GSW @ DET,11/06/2023,W,240,120,46,97,47.4,12,41,29.3,16,21,76.2,17,27,44,26,8,4,11,14,11
SAS,SAS @ IND,11/06/2023,L,240,111,40,94,42.6,8,26,30.8,23,30,76.7,12,24,36,26,7,5,11,15,-41
IND,IND vs. SAS,11/06/2023,W,240,152,55,95,57.9,20,38,52.6,22,23,95.7,9,40,49,38,7,4,15,24,41
WAS,WAS @ PHI,11/06/2023,L,240,128,49,96,51.0,14,34,41.2,16,20,80.0,10,28,38,31,6,10,19,26,-18
PHI,PHI vs. WAS,11/06/2023,W,240,146,51,91,56.0,12,31,38.7,32,36,88.9,10,35,45,37,12,7,16,15,18
DAL,DAL @ ORL,11/06/2023,W,240,117,41,82,50.0,15,40,37.5,20,28,71.4,5,26,31,21,9,6,15,20,15
ORL,ORL vs. DAL,11/06/2023,L,240,102,40,85,47.1,8,27,29.6,14,18,77.8,6,32,38,27,6,4,21,24,-15
LAC,LAC @ NYK,11/06/2023,L,240,97,36,73,49.3,11,32,34.4,14,16,87.5,7,24,31,21,8,3,22,15,-14
NYK,NYK vs. LAC,11/06/2023,W,240,111,41,88,46.6,12,31,38.7,17,18,94.4,18,30,48,28,13,1,20,13,14
MIA,MIA vs. LAL,11/06/2023,W,240,108,41,88,46.6,12,37,32.4,14,16,87.5,11,33,44,30,11,4,18,14,1
LAL,LAL @ MIA,11/06/2023,L,240,107,44,81,54.3,8,26,30.8,11,14,78.6,5,33,38,28,6,5,17,17,-1
BKN,BKN vs. MIL,11/06/2023,L,240,125,49,101,48.5,16,45,35.6,11,13,84.6,11,35,46,22,2,4,8,16,-4
MIL,MIL @ BKN,11/06/2023,W,240,129,46,96,47.9,16,48,33.3,21,24,87.5,12,36,48,26,6,2,10,13,4
CHI,CHI vs. UTA,11/06/2023,W,240,130,48,93,51.6,18,34,52.9,16,19,84.2,10,26,36,26,12,3,8,18,17
UTA,UTA @ CHI,11/06/2023,L,240,113,41,86,47.7,16,43,37.2,15,17,88.2,17,35,52,32,1,7,23,20,-17
SAC,SAC @ HOU,11/06/2023,L,240,97,36,81,44.4,14,40,35.0,11,20,55.0,12,22,34,22,5,2,15,22,-25
HOU,HOU vs. SAC,11/06/2023,W,240,122,43,75,57.3,15,31,48.4,21,27,77.8,5,34,39,28,8,4,11,19,25
BOS,BOS @ MIN,11/06/2023,L,265,109,36,92,39.1,11,39,28.2,26,34,76.5,11,34,45,20,13,2,18,26,-5
MIN,MIN vs. BOS,11/06/2023,W,265,114,44,85,51.8,13,37,35.1,13,25,52.0,6,39,45,26,7,5,24,26,5
DEN,DEN vs. NOP,11/06/2023,W,240,134,51,95,53.7,15,39,38.5,17,23,73.9,11,34,45,37,6,5,10,16,18
NOP,NOP @ DEN,11/06/2023,L,240,116,45,90,50.0,13,30,43.3,13,15,86.7,8,30,38,24,6,2,13,18,-18
OKC,OKC vs. ATL,11/06/2023,W,240,126,45,94,47.9,14,35,40.0,22,23,95.7,11,38,49,27,7,7,13,22,9
ATL,ATL @ OKC,11/06/2023,L,240,117,38,102,37.3,14,42,33.3,27,32,84.4,25,34,59,27,8,3,15,16,-9
TOR,TOR @ SAS,11/05/2023,W,265,123,44,97,45.4,19,48,39.6,16,26,61.5,13,34,47,29,12,6,15,15,7
SAS,SAS vs. TOR,11/05/2023,L,265,116,48,96,50.0,10,32,31.3,10,13,76.9,9,37,46,30,7,7,17,21,-7
MEM,MEM @ POR,11/05/2023,W,240,112,45,89,50.6,13,32,40.6,9,13,69.2,10,39,49,27,6,7,17,18,12
POR,POR vs. MEM,11/05/2023,L,240,100,37,95,38.9,14,45,31.1,12,15,80.0,16,31,47,23,11,5,14,21,-12
CHA,CHA @ DAL,11/05/2023,L,240,118,49,99,49.5,8,30,26.7,12,21,57.1,10,33,43,30,5,2,9,25,-6
DAL,DAL vs. CHA,11/05/2023,W,240,124,43,91,47.3,14,42,33.3,24,32,75.0,9,38,47,31,3,6,11,19,6
GSW,GSW @ CLE,11/05/2023,L,240,104,34,94,36.2,16,41,39.0,20,30,66.7,17,27,44,26,10,4,13,18,-11
CLE,CLE vs. GSW,11/05/2023,W,240,115,41,83,49.4,11,37,29.7,22,28,78.6,13,41,54,26,8,2,18,21,11
DET,DET vs. PHX,11/05/2023,L,240,106,43,87,49.4,8,23,34.8,12,14,85.7,10,23,33,25,7,6,16,23,-14
PHX,PHX @ DET,11/05/2023,W,240,120,43,86,50.0,8,21,38.1,26,29,89.7,14,29,43,29,8,10,18,13,14
PHX,PHX @ PHI,11/04/2023,L,240,100,32,89,36.0,9,35,25.7,27,33,81.8,15,27,42,22,11,12,11,11,-12
PHI,PHI vs. PHX,11/04/2023,W,240,112,43,90,47.8,11,30,36.7,15,18,83.3,15,36,51,24,5,6,18,24,12
NOP,NOP vs. ATL,11/04/2023,L,240,105,40,84,47.6,8,31,25.8,17,21,81.0,9,26,35,24,9,7,11,15,-18
ATL,ATL @ NOP,11/04/2023,W,240,123,45,93,48.4,14,41,34.1,19,24,79.2,19,33,52,28,4,6,13,16,18
ORL,ORL vs. LAL,11/04/2023,W,240,120,46,101,45.5,12,33,36.4,16,19,84.2,19,32,51,29,6,9,16,18,19
LAL,LAL @ ORL,11/04/2023,L,240,101,37,84,44.0,8,30,26.7,19,21,90.5,10,30,40,17,6,10,17,21,-19
IND,IND vs. CHA,11/04/2023,L,240,124,45,93,48.4,22,45,48.9,12,16,75.0,11,25,36,31,7,5,15,18,-1
CHA,CHA @ IND,11/04/2023,W,240,125,47,88,53.4,8,20,40.0,23,23,100,12,29,41,23,5,10,13,20,1
MIN,MIN vs. UTA,11/04/2023,W,240,123,45,81,55.6,9,24,37.5,24,31,77.4,9,34,43,25,10,11,11,23,28
UTA,UTA @ MIN,11/04/2023,L,240,95,35,91,38.5,12,43,27.9,13,17,76.5,17,22,39,20,3,7,18,20,-28
BKN,BKN vs. BOS,11/04/2023,L,240,114,43,100,43.0,17,52,32.7,11,17,64.7,10,32,42,22,4,5,6,21,-10
BOS,BOS @ BKN,11/04/2023,W,240,124,43,90,47.8,15,45,33.3,23,27,85.2,10,40,50,22,4,6,11,17,10
HOU,HOU vs. SAC,11/04/2023,W,240,107,40,87,46.0,13,36,36.1,14,20,70.0,10,43,53,28,4,3,11,18,18
SAC,SAC @ HOU,11/04/2023,L,240,89,32,84,38.1,11,41,26.8,14,19,73.7,8,35,43,20,5,6,11,19,-18
DEN,DEN vs. CHI,11/04/2023,W,240,123,42,81,51.9,16,36,44.4,23,30,76.7,10,39,49,31,10,4,12,18,22
CHI,CHI @ DEN,11/04/2023,L,240,101,39,86,45.3,7,26,26.9,16,23,69.6,9,28,37,28,7,3,11,19,-22
IND,IND vs. CLE,11/03/2023,W,240,121,45,86,52.3,15,31,48.4,16,24,66.7,7,33,40,28,7,5,19,18,5
CLE,CLE @ IND,11/03/2023,L,240,116,44,84,52.4,8,28,28.6,20,25,80.0,5,30,35,27,10,9,13,20,-5
CHI,CHI vs. BKN,11/03/2023,L,240,107,43,89,48.3,11,28,39.3,10,14,71.4,9,33,42,21,4,4,10,13,-2
BKN,BKN @ CHI,11/03/2023,W,240,109,44,96,45.8,18,45,40.0,3,5,60.0,8,31,39,32,4,4,11,12,2
MIL,MIL vs. NYK,11/03/2023,W,240,110,35,82,42.7,20,39,51.3,20,28,71.4,7,34,41,24,6,10,14,16,5
NYK,NYK @ MIL,11/03/2023,L,240,105,38,96,39.6,10,39,25.6,19,25,76.0,16,40,56,18,6,1,11,22,-5
MIA,MIA vs. WAS,11/03/2023,W,240,121,48,80,60.0,13,27,48.1,12,14,85.7,7,30,37,35,9,1,21,18,7
WAS,WAS @ MIA,11/03/2023,L,240,114,46,81,56.8,13,28,46.4,9,17,52.9,4,26,30,33,7,4,20,18,-7
OKC,OKC vs. GSW,11/03/2023,L,240,139,50,83,60.2,15,29,51.7,24,30,80.0,7,25,32,26,3,1,19,20,-2
GSW,GSW @ OKC,11/03/2023,W,240,141,49,92,53.3,18,40,45.0,25,30,83.3,13,25,38,36,9,2,15,25,2
DAL,DAL @ DEN,11/03/2023,L,240,114,41,86,47.7,17,42,40.5,15,17,88.2,10,24,34,27,12,6,15,19,-11
DEN,DEN vs. DAL,11/03/2023,W,240,125,49,93,52.7,13,30,43.3,14,19,73.7,19,32,51,33,11,6,20,17,11
MEM,MEM @ POR,11/03/2023,L,265,113,47,96,49.0,10,35,28.6,9,13,69.2,7,41,48,29,8,10,17,25,-2
POR,POR vs. MEM,11/03/2023,W,265,115,39,96,40.6,9,32,28.1,28,36,77.8,15,35,50,19,12,7,14,15,2
ORL,ORL @ UTA,11/02/2023,W,240,115,39,85,45.9,10,29,34.5,27,36,75.0,10,33,43,27,17,9,17,25,2
UTA,UTA vs. ORL,11/02/2023,L,240,113,41,89,46.1,12,33,36.4,19,26,73.1,13,35,48,27,9,7,20,27,-2
SAS,SAS @ PHX,11/02/2023,W,240,132,51,98,52.0,18,37,48.6,12,13,92.3,9,32,41,37,7,5,8,21,11
PHX,PHX vs. SAS,11/02/2023,L,240,121,43,80,53.8,16,32,50.0,19,26,73.1,5,29,34,26,5,4,14,15,-11
NOP,NOP vs. DET,11/02/2023,W,240,125,39,80,48.8,14,32,43.8,33,35,94.3,7,29,36,27,5,7,12,18,9
DET,DET @ NOP,11/02/2023,L,240,116,41,94,43.6,13,38,34.2,21,26,80.8,19,29,48,30,4,5,16,31,-9
PHI,PHI vs. TOR,11/02/2023,W,240,114,42,92,45.7,9,25,36.0,21,25,84.0,15,31,46,21,12,3,14,19,15
TOR,TOR @ PHI,11/02/2023,L,240,99,38,79,48.1,10,28,35.7,13,19,68.4,9,32,41,30,4,3,19,20,-15
DET,DET vs. POR,11/01/2023,L,240,101,40,90,44.4,11,29,37.9,10,11,90.9,6,32,38,24,12,4,18,31,-9
POR,POR @ DET,11/01/2023,W,240,110,38,81,46.9,7,20,35.0,27,33,81.8,7,37,44,23,10,7,17,15,9
MIL,MIL @ TOR,11/01/2023,L,240,111,35,76,46.1,13,34,38.2,28,38,73.7,7,22,29,19,9,2,12,17,-19
TOR,TOR vs. MIL,11/01/2023,W,240,130,51,91,56.0,15,38,39.5,13,14,92.9,15,35,50,35,7,6,18,25,19
BOS,BOS vs. IND,11/01/2023,W,240,155,54,95,56.8,20,35,57.1,27,28,96.4,11,46,57,27,5,2,13,19,51
IND,IND @ BOS,11/01/2023,L,240,104,46,101,45.5,5,37,13.5,7,12,58.3,8,23,31,26,6,6,9,20,-51
MIA,MIA vs. BKN,11/01/2023,L,240,105,39,91,42.9,13,38,34.2,14,18,77.8,11,35,46,22,10,5,18,20,-4
BKN,BKN @ MIA,11/01/2023,W,240,109,37,82,45.1,16,36,44.4,19,26,73.1,7,40,47,27,11,4,18,18,4
WAS,WAS @ ATL,11/01/2023,L,240,121,51,101,50.5,10,40,25.0,9,14,64.3,6,29,35,32,14,3,11,25,-9
ATL,ATL vs. WAS,11/01/2023,W,240,130,46,92,50.0,9,32,28.1,29,32,90.6,14,43,57,26,8,3,21,16,9
NYK,NYK vs. CLE,11/01/2023,L,240,89,32,92,34.8,5,30,16.7,20,30,66.7,16,34,50,18,10,3,14,16,-6
CLE,CLE @ NYK,11/01/2023,W,240,95,32,74,43.2,12,32,37.5,19,20,95.0,6,40,46,22,7,5,18,27,6
HOU,HOU vs. CHA,11/01/2023,W,240,128,44,84,52.4,21,37,56.8,19,23,82.6,7,31,38,35,10,2,17,22,9
CHA,CHA @ HOU,11/01/2023,L,240,119,45,90,50.0,11,27,40.7,18,25,72.0,15,29,44,21,9,8,16,19,-9
OKC,OKC vs. NOP,11/01/2023,L,240,106,38,88,43.2,7,34,20.6,23,25,92.0,6,43,49,23,6,5,15,24,-4
NOP,NOP @ OKC,11/01/2023,W,240,110,40,102,39.2,13,42,31.0,17,29,58.6,22,36,58,23,8,5,11,20,4
DEN,DEN @ MIN,11/01/2023,L,240,89,38,96,39.6,6,33,18.2,7,10,70.0,12,31,43,23,6,10,16,22,-21
MIN,MIN vs. DEN,11/01/2023,W,240,110,38,83,45.8,8,21,38.1,26,27,96.3,8,39,47,20,9,5,14,15,21
CHI,CHI @ DAL,11/01/2023,L,240,105,42,89,47.2,11,33,33.3,10,11,90.9,12,31,43,19,10,3,13,23,-9
DAL,DAL vs. CHI,11/01/2023,W,240,114,37,81,45.7,20,48,41.7,20,28,71.4,13,32,45,23,7,2,15,11,9
MEM,MEM @ UTA,11/01/2023,L,240,109,35,96,36.5,14,54,25.9,25,32,78.1,14,28,42,25,12,7,16,22,-24
UTA,UTA vs. MEM,11/01/2023,W,240,133,47,87,54.0,22,43,51.2,17,24,70.8,10,40,50,35,7,3,21,22,24
SAC,SAC @ GSW,11/01/2023,L,240,101,36,88,40.9,11,35,31.4,18,23,78.3,14,34,48,24,8,4,15,17,-1
GSW,GSW vs. SAC,11/01/2023,W,240,102,39,81,48.1,11,31,35.5,13,15,86.7,7,29,36,32,5,6,18,17,1
LAL,LAL vs. LAC,11/01/2023,W,265,130,46,90,51.1,11,32,34.4,27,36,75.0,9,42,51,28,10,9,14,24,5
LAC,LAC @ LAL,11/01/2023,L,265,125,47,99,47.5,14,34,41.2,17,27,63.0,12,34,46,22,12,1,13,31,-5
ORL,ORL @ LAC,10/31/2023,L,240,102,38,81,46.9,7,30,23.3,19,33,57.6,7,33,40,23,9,3,16,24,-16
LAC,LAC vs. ORL,10/31/2023,W,240,118,44,89,49.4,14,31,45.2,16,23,69.6,9,35,44,29,10,4,16,26,16
SAS,SAS @ PHX,10/31/2023,W,240,115,43,92,46.7,14,37,37.8,15,20,75.0,8,29,37,25,10,9,12,17,1
PHX,PHX vs. SAS,10/31/2023,L,240,114,42,83,50.6,18,39,46.2,12,15,80.0,6,37,43,29,8,7,19,18,-1
CLE,CLE vs. NYK,10/31/2023,L,240,91,36,92,39.1,10,38,26.3,9,12,75.0,14,32,46,19,6,6,15,19,-18
NYK,NYK @ CLE,10/31/2023,W,240,109,38,86,44.2,13,34,38.2,20,25,80.0,12,36,48,18,9,1,14,17,18
WAS,WAS vs. BOS,10/30/2023,L,240,107,39,87,44.8,11,36,30.6,18,26,69.2,11,29,40,26,12,4,15,13,-19
BOS,BOS @ WAS,10/30/2023,W,240,126,51,102,50.0,19,53,35.8,5,7,71.4,15,36,51,31,11,6,18,21,19
BKN,BKN @ CHA,10/30/2023,W,240,133,49,87,56.3,12,33,36.4,23,32,71.9,10,36,46,25,4,8,14,19,12
CHA,CHA vs. BKN,10/30/2023,L,240,121,47,96,49.0,8,31,25.8,19,20,95.0,8,31,39,33,8,5,10,23,-12
CHI,CHI @ IND,10/30/2023,W,240,112,40,87,46.0,6,17,35.3,26,31,83.9,10,34,44,19,8,6,13,17,7
IND,IND vs. CHI,10/30/2023,L,240,105,36,88,40.9,12,46,26.1,21,25,84.0,11,36,47,26,7,5,17,24,-7
ATL,ATL vs. MIN,10/30/2023,W,240,127,48,86,55.8,14,30,46.7,17,18,94.4,4,32,36,28,6,7,11,12,14
MIN,MIN @ ATL,10/30/2023,L,240,113,44,90,48.9,16,33,48.5,9,15,60.0,10,28,38,24,5,5,14,17,-14
TOR,TOR vs. POR,10/30/2023,L,240,91,38,94,40.4,4,29,13.8,11,15,73.3,14,33,47,19,10,4,12,17,-8
POR,POR @ TOR,10/30/2023,W,240,99,38,85,44.7,11,35,31.4,12,15,80.0,13,38,51,20,6,7,16,19,8
MEM,MEM vs. DAL,10/30/2023,L,240,110,42,92,45.7,14,37,37.8,12,20,60.0,10,34,44,22,9,4,12,22,-15
DAL,DAL @ MEM,10/30/2023,W,240,125,42,84,50.0,23,47,48.9,18,24,75.0,6,42,48,24,4,7,15,17,15
GSW,GSW @ NOP,10/30/2023,W,240,130,51,98,52.0,15,41,36.6,13,20,65.0,21,43,64,28,6,7,15,21,28
NOP,NOP vs. GSW,10/30/2023,L,240,102,38,93,40.9,10,39,25.6,16,26,61.5,14,25,39,23,8,3,11,18,-28
DET,DET @ OKC,10/30/2023,L,240,112,39,91,42.9,15,28,53.6,19,24,79.2,13,28,41,31,6,5,17,25,-12
OKC,OKC vs. DET,10/30/2023,W,240,124,44,83,53.0,13,29,44.8,23,28,82.1,6,38,44,21,9,10,15,19,12
UTA,UTA @ DEN,10/30/2023,L,240,102,42,98,42.9,11,37,29.7,7,15,46.7,17,34,51,30,6,2,13,21,-8
DEN,DEN vs. UTA,10/30/2023,W,240,110,47,84,56.0,9,28,32.1,7,17,41.2,7,36,43,32,4,8,13,14,8
MIA,MIA @ MIL,10/30/2023,L,240,114,41,86,47.7,13,34,38.2,19,20,95.0,7,33,40,27,7,2,15,20,-8
MIL,MIL vs. MIA,10/30/2023,W,240,122,44,87,50.6,12,37,32.4,22,30,73.3,9,34,43,24,8,5,15,23,8
LAL,LAL vs. ORL,10/30/2023,W,240,106,42,79,53.2,8,27,29.6,14,18,77.8,3,37,40,28,7,10,16,17,3
ORL,ORL @ LAL,10/30/2023,L,240,103,38,95,40.0,14,35,40.0,13,18,72.2,12,32,44,28,10,3,11,22,-3
ATL,ATL @ MIL,10/29/2023,W,240,127,47,93,50.5,15,37,40.5,18,22,81.8,13,33,46,32,15,2,17,17,17
MIL,MIL vs. ATL,10/29/2023,L,240,110,39,86,45.3,16,44,36.4,16,20,80.0,12,27,39,22,10,3,23,22,-17
HOU,HOU vs. GSW,10/29/2023,L,240,95,34,90,37.8,9,33,27.3,18,19,94.7,10,32,42,22,7,4,7,20,-11
GSW,GSW @ HOU,10/29/2023,W,240,106,35,81,43.2,18,45,40.0,18,23,78.3,8,41,49,27,6,6,14,18,11
POR,POR @ PHI,10/29/2023,L,240,98,36,94,38.3,7,31,22.6,19,22,86.4,14,28,42,19,10,9,16,26,-28
PHI,PHI vs. POR,10/29/2023,W,240,126,40,82,48.8,11,28,39.3,35,40,87.5,11,40,51,28,10,17,16,20,28
LAC,LAC vs. SAS,10/29/2023,W,240,123,47,91,51.6,16,42,38.1,13,21,61.9,9,39,48,23,15,5,16,16,40
SAS,SAS @ LAC,10/29/2023,L,240,83,30,80,37.5,11,33,33.3,12,16,75.0,6,31,37,21,9,6,25,23,-40
LAL,LAL @ SAC,10/29/2023,L,265,127,43,98,43.9,15,45,33.3,26,34,76.5,8,45,53,27,4,4,12,22,-5
SAC,SAC vs. LAL,10/29/2023,W,265,132,49,104,47.1,17,48,35.4,17,24,70.8,6,41,47,30,6,7,10,28,5
OKC,OKC vs. DEN,10/29/2023,L,240,95,37,90,41.1,6,32,18.8,15,18,83.3,7,22,29,22,8,4,10,14,-33
DEN,DEN @ OKC,10/29/2023,W,240,128,53,88,60.2,11,27,40.7,11,13,84.6,10,38,48,34,8,5,13,21,33
WAS,WAS vs. MEM,10/28/2023,W,240,113,40,93,43.0,16,46,34.8,17,22,77.3,11,34,45,24,9,5,12,15,7
PHI,PHI @ TOR,10/28/2023,W,240,114,43,86,50.0,10,28,35.7,18,21,85.7,9,33,42,25,8,7,11,18,7
TOR,TOR vs. PHI,10/28/2023,L,240,107,38,87,43.7,17,32,53.1,14,19,73.7,13,28,41,28,5,5,13,19,-7
MEM,MEM @ WAS,10/28/2023,L,240,106,39,91,42.9,19,47,40.4,9,9,100,6,39,45,27,7,8,18,21,-7
NOP,NOP vs. NYK,10/28/2023,W,240,96,40,87,46.0,9,33,27.3,7,16,43.8,4,39,43,20,8,5,13,22,9
NYK,NYK @ NOP,10/28/2023,L,240,87,33,90,36.7,7,37,18.9,14,18,77.8,16,43,59,19,7,3,19,17,-9
CLE,CLE vs. IND,10/28/2023,L,240,113,43,99,43.4,12,31,38.7,15,24,62.5,18,33,51,29,2,6,7,16,-12
IND,IND @ CLE,10/28/2023,W,240,125,48,98,49.0,15,38,39.5,14,17,82.4,11,37,48,36,3,4,8,20,12
DET,DET vs. CHI,10/28/2023,W,240,118,45,86,52.3,12,28,42.9,16,20,80.0,15,38,53,29,4,4,17,18,16
CHI,CHI @ DET,10/28/2023,L,240,102,39,93,41.9,11,28,39.3,13,16,81.3,13,20,33,16,10,5,8,20,-16
UTA,UTA @ PHX,10/28/2023,L,240,104,40,91,44.0,12,37,32.4,12,14,85.7,15,30,45,26,6,5,19,20,-22
PHX,PHX vs. UTA,10/28/2023,W,240,126,45,85,52.9,10,37,27.0,26,28,92.9,7,32,39,31,10,7,11,19,22
MIN,MIN vs. MIA,10/28/2023,W,240,106,44,86,51.2,12,34,35.3,6,8,75.0,7,40,47,30,9,3,16,17,16
MIA,MIA @ MIN,10/28/2023,L,240,90,35,87,40.2,12,38,31.6,8,14,57.1,9,33,42,24,6,1,15,12,-16
ATL,ATL vs. NYK,10/27/2023,L,240,120,42,87,48.3,12,32,37.5,24,30,80.0,9,35,44,28,7,6,14,20,-6
NYK,NYK @ ATL,10/27/2023,W,240,126,43,90,47.8,20,44,45.5,20,28,71.4,12,33,45,30,9,6,16,21,6
SAS,SAS vs. HOU,10/27/2023,W,265,126,46,94,48.9,13,42,31.0,21,28,75.0,12,31,43,32,11,4,18,17,4
HOU,HOU @ SAS,10/27/2023,L,265,122,52,100,52.0,8,32,25.0,10,20,50.0,11,32,43,30,7,2,18,26,-4
DET,DET @ CHA,10/27/2023,W,240,111,40,88,45.5,10,30,33.3,21,25,84.0,12,41,53,28,7,6,24,29,12
CHA,CHA vs. DET,10/27/2023,L,240,99,33,88,37.5,7,28,25.0,26,34,76.5,11,30,41,20,13,7,18,23,-12
SAC,SAC vs. GSW,10/27/2023,L,240,114,41,94,43.6,12,40,30.0,20,29,69.0,10,31,41,24,10,3,14,16,-8
GSW,GSW @ SAC,10/27/2023,W,240,122,48,87,55.2,14,32,43.8,12,14,85.7,7,32,39,32,14,3,19,24,8
ORL,ORL @ POR,10/27/2023,W,240,102,36,79,45.6,9,28,32.1,21,32,65.6,10,35,45,22,10,5,14,16,5
POR,POR vs. ORL,10/27/2023,L,240,97,35,88,39.8,9,32,28.1,18,21,85.7,15,32,47,15,6,1,16,24,-5
MEM,MEM vs. DEN,10/27/2023,L,240,104,37,85,43.5,10,33,30.3,20,24,83.3,13,35,48,22,13,7,21,23,-4
DEN,DEN @ MEM,10/27/2023,W,240,108,41,88,46.6,14,37,37.8,12,18,66.7,6,34,40,27,11,10,19,18,4
UTA,UTA vs. LAC,10/27/2023,W,240,120,42,96,43.8,16,41,39.0,20,22,90.9,17,28,45,27,7,4,14,24,2
LAC,LAC @ UTA,10/27/2023,L,240,118,41,77,53.2,14,35,40.0,22,28,78.6,6,30,36,17,8,6,16,22,-2
TOR,TOR @ CHI,10/27/2023,L,265,103,39,84,46.4,9,36,25.0,16,25,64.0,8,45,53,25,5,2,23,29,-1
CHI,CHI vs. TOR,10/27/2023,W,265,104,37,99,37.4,8,39,20.5,22,28,78.6,15,37,52,18,10,5,17,22,1
DAL,DAL vs. BKN,10/27/2023,W,240,125,44,91,48.4,15,36,41.7,22,28,78.6,8,32,40,20,5,2,9,15,5
BKN,BKN @ DAL,10/27/2023,L,240,120,45,92,48.9,21,43,48.8,9,10,90.0,10,37,47,30,5,4,16,28,-5
CLE,CLE vs. OKC,10/27/2023,L,240,105,38,92,41.3,12,45,26.7,17,23,73.9,8,40,48,20,10,8,14,16,-3
OKC,OKC @ CLE,10/27/2023,W,240,108,40,87,46.0,13,26,50.0,15,19,78.9,6,41,47,22,8,10,18,17,3
MIA,MIA @ BOS,10/27/2023,L,240,111,38,89,42.7,16,33,48.5,19,23,82.6,11,34,45,24,8,6,12,16,-8
BOS,BOS vs. MIA,10/27/2023,W,240,119,45,95,47.4,16,39,41.0,13,19,68.4,16,39,55,20,7,6,15,19,8
PHI,PHI @ MIL,10/26/2023,L,240,117,41,80,51.3,16,35,45.7,19,28,67.9,4,35,39,25,8,4,15,28,-1
MIL,MIL vs. PHI,10/26/2023,W,240,118,41,81,50.6,11,30,36.7,25,36,69.4,8,35,43,20,9,4,14,23,1
LAL,LAL vs. PHX,10/26/2023,W,240,100,36,84,42.9,5,29,17.2,23,29,79.3,8,34,42,24,14,7,16,23,5
PHX,PHX @ LAL,10/26/2023,L,240,95,34,81,42.0,9,31,29.0,18,23,78.3,10,39,49,16,7,3,24,21,-5
LAC,LAC vs. POR,10/25/2023,W,240,123,47,90,52.2,16,34,47.1,13,16,81.3,14,31,45,36,11,7,18,20,12
POR,POR @ LAC,10/25/2023,L,240,111,44,93,47.3,10,32,31.3,13,17,76.5,15,25,40,20,10,4,18,20,-12
ORL,ORL vs. HOU,10/25/2023,W,240,116,42,87,48.3,9,34,26.5,23,26,88.5,17,40,57,19,8,6,16,20,30
HOU,HOU @ ORL,10/25/2023,L,240,86,32,79,40.5,12,34,35.3,10,16,62.5,7,24,31,19,6,3,19,24,-30
SAS,SAS vs. DAL,10/25/2023,L,240,119,46,89,51.7,11,35,31.4,16,22,72.7,9,36,45,33,8,5,19,23,-7
DAL,DAL @ SAS,10/25/2023,W,240,126,47,99,47.5,15,47,31.9,17,23,73.9,13,35,48,24,6,3,12,20,7
UTA,UTA vs. SAC,10/25/2023,L,240,114,41,91,45.1,9,28,32.1,23,31,74.2,16,38,54,22,6,2,14,20,-16
SAC,SAC @ UTA,10/25/2023,W,240,130,47,102,46.1,19,51,37.3,17,20,85.0,15,30,45,29,6,8,12,25,16
NOP,NOP @ MEM,10/25/2023,W,240,111,40,85,47.1,14,32,43.8,17,22,77.3,11,41,52,22,8,5,21,21,7
MEM,MEM vs. NOP,10/25/2023,L,240,104,38,91,41.8,12,43,27.9,16,20,80.0,8,29,37,23,8,7,13,19,-7
OKC,OKC @ CHI,10/25/2023,W,240,124,45,82,54.9,19,39,48.7,15,18,83.3,5,38,43,30,6,4,16,19,20
CHI,CHI vs. OKC,10/25/2023,L,240,104,39,94,41.5,12,42,28.6,14,18,77.8,13,29,42,26,10,3,13,16,-20
MIN,MIN @ TOR,10/25/2023,L,240,94,34,100,34.0,8,31,25.8,18,22,81.8,16,46,62,20,8,9,14,14,-3
TOR,TOR vs. MIN,10/25/2023,W,240,97,36,90,40.0,14,35,40.0,11,16,68.8,8,39,47,27,9,11,14,18,3
BKN,BKN vs. CLE,10/25/2023,L,240,113,42,84,50.0,9,27,33.3,20,26,76.9,13,37,50,30,6,6,18,16,-1
CLE,CLE @ BKN,10/25/2023,W,240,114,44,94,46.8,17,43,39.5,9,10,90.0,9,29,38,25,10,6,10,23,1
DET,DET @ MIA,10/25/2023,L,240,102,41,92,44.6,11,32,34.4,9,15,60.0,17,39,56,28,3,13,17,23,-1
MIA,MIA vs. DET,10/25/2023,W,240,103,37,92,40.2,8,22,36.4,21,26,80.8,16,32,48,22,11,3,7,18,1
NYK,NYK vs. BOS,10/25/2023,L,240,104,36,97,37.1,18,41,43.9,14,26,53.8,17,30,47,24,9,0,11,22,-4
BOS,BOS @ NYK,10/25/2023,W,240,108,37,77,48.1,12,39,30.8,22,26,84.6,7,39,46,18,6,11,13,22,4
CHA,CHA vs. ATL,10/25/2023,W,240,116,43,86,50.0,11,37,29.7,19,26,73.1,12,39,51,34,5,3,19,21,6
ATL,ATL @ CHA,10/25/2023,L,240,110,39,93,41.9,5,29,17.2,27,33,81.8,12,30,42,24,12,1,12,19,-6
IND,IND vs. WAS,10/25/2023,W,240,143,56,107,52.3,20,43,46.5,11,12,91.7,10,41,51,38,10,8,12,23,23
WAS,WAS @ IND,10/25/2023,L,240,120,44,96,45.8,9,24,37.5,23,29,79.3,11,34,45,28,6,9,14,11,-23
DEN,DEN vs. LAL,10/24/2023,W,240,119,48,91,52.7,14,34,41.2,9,12,75.0,9,33,42,29,9,6,12,15,12
LAL,LAL @ DEN,10/24/2023,L,240,107,41,90,45.6,10,29,34.5,15,20,75.0,13,31,44,23,5,4,12,18,-12
GSW,GSW vs. PHX,10/24/2023,L,240,104,36,101,35.6,10,43,23.3,22,28,78.6,18,31,49,19,11,6,11,23,-4
PHX,PHX @ GSW,10/24/2023,W,240,108,42,95,44.2,11,33,33.3,13,17,76.5,17,43,60,23,5,7,19,22,4











